pop0:
Fitness:,6000000,Distance,21.0508214801667,Front,0,gene[0]:,6,12,
pop1:
Fitness:,500000,Distance,25.8496942814315,Front,0,gene[0]:,1,24,
pop2:
Fitness:,6000000,Distance,28.6348755054079,Front,0,gene[0]:,14,8,
pop3:
Fitness:,5000000,Distance,37.8043140479308,Front,0,gene[0]:,20,5,
pop4:
Fitness:,5000000,Distance,26.9443410092438,Front,0,gene[0]:,1,12,
pop5:
Fitness:,7000000,Distance,27.0222536028047,Front,0,gene[0]:,12,8,
pop6:
Fitness:,5500000,Distance,20.3847763108502,Front,0,gene[0]:,5,13,
pop7:
Fitness:,8000000,Distance,22.9006092410938,Front,0,gene[0]:,15,18,
pop8:
Fitness:,9500000,Distance,22.6915671636788,Front,0,gene[0]:,15,21,
pop9:
Fitness:,500000,Distance,27.9216739292198,Front,0,gene[0]:,0,22,
pop10:
Fitness:,8000000,Distance,29.4721359549996,Front,0,gene[0]:,7,0,
pop11:
Fitness:,6500000,Distance,26.8394846967484,Front,0,gene[0]:,3,4,
pop12:
Fitness:,5000000,Distance,44.1081735520854,Front,0,gene[0]:,21,0,
pop13:
Fitness:,6000000,Distance,30.8908800671286,Front,0,gene[0]:,0,8,
pop14:
Fitness:,8000000,Distance,29.4164878389476,Front,0,gene[0]:,11,4,
pop15:
Fitness:,5500000,Distance,35.9626332322848,Front,0,gene[0]:,23,11,
pop16:
Fitness:,5000000,Distance,25.8496942814315,Front,0,gene[0]:,1,16,
pop17:
Fitness:,5000000,Distance,34.2504772154277,Front,0,gene[0]:,17,5,
pop18:
Fitness:,7000000,Distance,25.5029323125886,Front,0,gene[0]:,19,17,
pop19:
Fitness:,9000000,Distance,30.2328314173707,Front,0,gene[0]:,9,1,
pop20:
Fitness:,6000000,Distance,28.7937051512784,Front,0,gene[0]:,18,12,
pop21:
Fitness:,7000000,Distance,26.0416305603426,Front,0,gene[0]:,5,3,
pop22:
Fitness:,7500000,Distance,27.0414141816284,Front,0,gene[0]:,10,6,
pop23:
Fitness:,5500000,Distance,34.969505842446,Front,0,gene[0]:,23,12,
pop24:
Fitness:,5500000,Distance,31.8911125548022,Front,0,gene[0]:,20,11,
pop25:
Fitness:,0,Distance,19.4142135623731,Front,0,gene[0]:,4,20,
pop26:
Fitness:,7000000,Distance,28.8700576850888,Front,0,gene[0]:,3,1,
pop27:
Fitness:,6500000,Distance,26.2678229983099,Front,0,gene[0]:,12,9,
pop28:
Fitness:,6000000,Distance,31.9077615156559,Front,0,gene[0]:,0,6,
pop29:
Fitness:,5500000,Distance,21.9248588451713,Front,0,gene[0]:,3,14,
pop30:
Fitness:,6000000,Distance,21.9649916395355,Front,0,gene[0]:,7,11,
pop31:
Fitness:,8500000,Distance,24.4225692856377,Front,0,gene[0]:,19,21,
pop32:
Fitness:,3500000,Distance,35.7533296320899,Front,0,gene[0]:,14,0,
pop33:
Fitness:,5500000,Distance,20.6265268567414,Front,0,gene[0]:,6,13,
pop34:
Fitness:,6500000,Distance,29.1433160716472,Front,0,gene[0]:,23,18,
pop35:
Fitness:,6000000,Distance,29.4950975679639,Front,0,gene[0]:,22,16,
pop36:
Fitness:,500000,Distance,21.7046999107196,Front,0,gene[0]:,11,24,
pop37:
Fitness:,7000000,Distance,25.4974027199577,Front,0,gene[0]:,21,19,
pop38:
Fitness:,7000000,Distance,25.5029323125886,Front,0,gene[0]:,19,17,
pop39:
Fitness:,5500000,Distance,21.5289236142043,Front,0,gene[0]:,9,14,
pop40:
Fitness:,5000000,Distance,38.288522155865,Front,0,gene[0]:,18,2,
pop41:
Fitness:,9500000,Distance,23.3539416862632,Front,0,gene[0]:,16,22,
pop42:
Fitness:,6000000,Distance,27.9116909895778,Front,0,gene[0]:,18,13,
pop43:
Fitness:,6000000,Distance,21.7046999107196,Front,0,gene[0]:,11,16,
pop44:
Fitness:,10000000,Distance,24.2700408094311,Front,0,gene[0]:,17,23,
pop45:
Fitness:,9000000,Distance,26.3192571350844,Front,0,gene[0]:,21,22,
pop46:
Fitness:,8000000,Distance,23.8494332412792,Front,0,gene[0]:,18,20,
pop47:
Fitness:,5000000,Distance,35.5781126887457,Front,0,gene[0]:,19,6,
pop48:
Fitness:,5000000,Distance,32.4985438819527,Front,0,gene[0]:,18,8,
pop49:
Fitness:,7000000,Distance,21.8420607599019,Front,0,gene[0]:,12,17,
pop50:
Fitness:,5000000,Distance,39.4999444045115,Front,0,gene[0]:,24,9,
pop51:
Fitness:,6000000,Distance,33.9103860071441,Front,0,gene[0]:,14,2,
pop52:
Fitness:,6500000,Distance,28.4950975679639,Front,0,gene[0]:,22,17,
pop53:
Fitness:,5000000,Distance,44.4950975679639,Front,0,gene[0]:,22,1,
pop54:
Fitness:,7500000,Distance,22.2930814553708,Front,0,gene[0]:,13,17,
pop55:
Fitness:,5000000,Distance,41.7765412720521,Front,0,gene[0]:,20,1,
pop56:
Fitness:,5500000,Distance,32.4950975679639,Front,0,gene[0]:,22,13,
pop57:
Fitness:,4500000,Distance,21.4017542509914,Front,0,gene[0]:,12,20,
pop58:
Fitness:,7500000,Distance,24.2602916254693,Front,0,gene[0]:,19,20,
pop59:
Fitness:,10500000,Distance,29.1433160716472,Front,0,gene[0]:,23,22,
pop60:
Fitness:,5000000,Distance,45.4368472856363,Front,0,gene[0]:,24,3,
pop61:
Fitness:,5000000,Distance,20.3640489888939,Front,0,gene[0]:,9,18,
pop62:
Fitness:,6000000,Distance,29.4950975679639,Front,0,gene[0]:,22,16,
pop63:
Fitness:,5000000,Distance,28.1916316698432,Front,0,gene[0]:,0,16,
pop64:
Fitness:,5500000,Distance,20.3878795233834,Front,0,gene[0]:,4,14,
pop65:
Fitness:,5500000,Distance,24.3518977605855,Front,0,gene[0]:,2,13,
pop66:
Fitness:,5000000,Distance,20.0957552546425,Front,0,gene[0]:,4,15,
pop67:
Fitness:,7000000,Distance,22.4588816547872,Front,0,gene[0]:,14,22,
pop68:
Fitness:,500000,Distance,23.1872620546692,Front,0,gene[0]:,2,21,
pop69:
Fitness:,7000000,Distance,31.4465489076303,Front,0,gene[0]:,2,0,
pop70:
Fitness:,5500000,Distance,28.691290155617,Front,0,gene[0]:,16,10,
pop71:
Fitness:,5000000,Distance,26.9443410092438,Front,0,gene[0]:,1,12,
pop72:
Fitness:,6000000,Distance,26.250645164548,Front,0,gene[0]:,15,12,
pop73:
Fitness:,6500000,Distance,33.0338929123162,Front,0,gene[0]:,0,4,
pop74:
Fitness:,1000000,Distance,19.9963106512596,Front,0,gene[0]:,7,24,
pop75:
Fitness:,500000,Distance,20.1487729581217,Front,0,gene[0]:,8,23,
pop76:
Fitness:,5500000,Distance,21.1119291659653,Front,0,gene[0]:,4,12,
pop77:
Fitness:,5000000,Distance,35.1285501747719,Front,0,gene[0]:,21,9,
pop78:
Fitness:,7500000,Distance,30.5556724945124,Front,0,gene[0]:,24,21,
pop79:
Fitness:,6000000,Distance,24.2177220643559,Front,0,gene[0]:,4,6,
pop80:
Fitness:,4000000,Distance,33.0847485483863,Front,0,gene[0]:,15,4,
pop81:
Fitness:,12500000,Distance,27.245466817753,Front,0,gene[0]:,21,23,
pop82:
Fitness:,4500000,Distance,34.0052756626635,Front,0,gene[0]:,15,3,
pop83:
Fitness:,500000,Distance,19.5249838386479,Front,0,gene[0]:,4,22,
pop84:
Fitness:,6500000,Distance,30.3196045170126,Front,0,gene[0]:,24,20,
pop85:
Fitness:,500000,Distance,25.4959319966282,Front,0,gene[0]:,1,21,
pop86:
Fitness:,5000000,Distance,36.0030523269367,Front,0,gene[0]:,16,2,
pop87:
Fitness:,9000000,Distance,22.6204993518133,Front,0,gene[0]:,15,20,
pop88:
Fitness:,5000000,Distance,21.6468827043885,Front,0,gene[0]:,3,15,
pop89:
Fitness:,5500000,Distance,25.987702081195,Front,0,gene[0]:,2,9,
pop90:
Fitness:,7000000,Distance,27.4950975679639,Front,0,gene[0]:,3,3,
pop91:
Fitness:,5000000,Distance,28.0345552060198,Front,0,gene[0]:,0,17,
pop92:
Fitness:,7500000,Distance,27.245466817753,Front,0,gene[0]:,6,2,
pop93:
Fitness:,5000000,Distance,19.654700162639,Front,0,gene[0]:,6,16,
pop94:
Fitness:,6500000,Distance,26.8394846967484,Front,0,gene[0]:,3,4,
pop95:
Fitness:,5000000,Distance,38.0859716189743,Front,0,gene[0]:,17,1,
pop96:
Fitness:,500000,Distance,19.0293863659264,Front,0,gene[0]:,5,21,
pop97:
Fitness:,6000000,Distance,23.0224908517699,Front,0,gene[0]:,9,11,
pop98:
Fitness:,5000000,Distance,38.5176435441982,Front,0,gene[0]:,24,10,
pop99:
Fitness:,5500000,Distance,33.138574295722,Front,0,gene[0]:,21,11,
pop100:
Fitness:,7500000,Distance,27.1437040525088,Front,0,gene[0]:,7,3,
pop101:
Fitness:,5500000,Distance,20.7882942280559,Front,0,gene[0]:,5,12,
pop102:
Fitness:,0,Distance,23.1622776601684,Front,0,gene[0]:,2,20,
pop103:
Fitness:,8500000,Distance,29.4317993372572,Front,0,gene[0]:,8,1,
pop104:
Fitness:,6500000,Distance,27.9072480941474,Front,0,gene[0]:,23,20,
pop105:
Fitness:,500000,Distance,27.9216739292198,Front,0,gene[0]:,0,22,
pop106:
Fitness:,5000000,Distance,45.4950975679639,Front,0,gene[0]:,22,0,
pop107:
Fitness:,500000,Distance,20.8125730596634,Front,0,gene[0]:,9,24,
pop108:
Fitness:,6000000,Distance,29.1822086711774,Front,0,gene[0]:,21,15,
pop109:
Fitness:,6500000,Distance,26.2489308232193,Front,0,gene[0]:,16,13,
pop110:
Fitness:,6000000,Distance,22.0054738443471,Front,0,gene[0]:,4,10,
pop111:
Fitness:,7500000,Distance,23.9725388668969,Front,0,gene[0]:,18,19,
pop112:
Fitness:,6000000,Distance,33.633829443761,Front,0,gene[0]:,0,3,
pop113:
Fitness:,5000000,Distance,19.5054323333725,Front,0,gene[0]:,7,19,
pop114:
Fitness:,9500000,Distance,24.8494332412792,Front,0,gene[0]:,18,23,
pop115:
Fitness:,5000000,Distance,45.4950975679639,Front,0,gene[0]:,22,0,
pop116:
Fitness:,5000000,Distance,41.4725509549785,Front,0,gene[0]:,24,7,
pop117:
Fitness:,5500000,Distance,24.7029368887064,Front,0,gene[0]:,2,12,
pop118:
Fitness:,9500000,Distance,23.1121488962246,Front,0,gene[0]:,16,21,
pop119:
Fitness:,5500000,Distance,27.827054967547,Front,0,gene[0]:,15,10,
pop120:
Fitness:,4500000,Distance,36.3418557437498,Front,0,gene[0]:,18,4,
pop121:
Fitness:,6000000,Distance,28.7937051512784,Front,0,gene[0]:,18,12,
pop122:
Fitness:,5000000,Distance,19.9253322744086,Front,0,gene[0]:,6,15,
pop123:
Fitness:,6000000,Distance,22.4998923323195,Front,0,gene[0]:,7,10,
pop124:
Fitness:,10000000,Distance,27.4950975679639,Front,0,gene[0]:,22,22,
pop125:
Fitness:,7000000,Distance,22.7566741488694,Front,0,gene[0]:,14,23,
pop126:
Fitness:,7000000,Distance,28.6176367757076,Front,0,gene[0]:,13,7,
pop127:
Fitness:,500000,Distance,21.1049731745428,Front,0,gene[0]:,3,22,
pop128:
Fitness:,6500000,Distance,23.6123220177847,Front,0,gene[0]:,9,10,
pop129:
Fitness:,7500000,Distance,26.3160757254708,Front,0,gene[0]:,9,6,
pop130:
Fitness:,6500000,Distance,23.6083098667251,Front,0,gene[0]:,12,13,
pop131:
Fitness:,7500000,Distance,27.0912435203146,Front,0,gene[0]:,8,4,
pop132:
Fitness:,5000000,Distance,23.5583557145395,Front,0,gene[0]:,2,16,
pop133:
Fitness:,6500000,Distance,34.2562927019491,Front,0,gene[0]:,0,2,
pop134:
Fitness:,5000000,Distance,36.1591340612551,Front,0,gene[0]:,17,3,
pop135:
Fitness:,500000,Distance,19.8533024769589,Front,0,gene[0]:,4,24,
pop136:
Fitness:,7000000,Distance,30.2697165151046,Front,0,gene[0]:,12,4,
pop137:
Fitness:,500000,Distance,21.4017542509914,Front,0,gene[0]:,11,23,
pop138:
Fitness:,5000000,Distance,41.4725509549785,Front,0,gene[0]:,24,7,
pop139:
Fitness:,5000000,Distance,25.685339390596,Front,0,gene[0]:,1,17,
pop140:
Fitness:,7000000,Distance,26.0416305603426,Front,0,gene[0]:,5,3,
pop141:
Fitness:,6500000,Distance,31.1638082255515,Front,0,gene[0]:,13,4,
pop142:
Fitness:,5000000,Distance,20.3911716734063,Front,0,gene[0]:,8,16,
pop143:
Fitness:,7500000,Distance,23.8242537217203,Front,0,gene[0]:,17,18,
pop144:
Fitness:,6000000,Distance,27.0159985439215,Front,0,gene[0]:,2,7,
pop145:
Fitness:,5000000,Distance,46.9322324886482,Front,0,gene[0]:,23,0,
pop146:
Fitness:,2000000,Distance,21.0453610171873,Front,0,gene[0]:,11,21,
pop147:
Fitness:,5000000,Distance,41.9405444725203,Front,0,gene[0]:,23,5,
pop148:
Fitness:,5000000,Distance,36.1247837363769,Front,0,gene[0]:,21,8,
pop149:
Fitness:,5500000,Distance,21.0624981065731,Front,0,gene[0]:,8,14,
pop150:
Fitness:,4500000,Distance,32.1734447090602,Front,0,gene[0]:,15,5,
pop151:
Fitness:,5000000,Distance,37.1206306068552,Front,0,gene[0]:,17,2,
pop152:
Fitness:,500000,Distance,20.2495073613333,Front,0,gene[0]:,9,21,
pop153:
Fitness:,6000000,Distance,24.4722050542442,Front,0,gene[0]:,3,8,
pop154:
Fitness:,6500000,Distance,21.8616336130031,Front,0,gene[0]:,13,21,
pop155:
Fitness:,5000000,Distance,40.4956756871406,Front,0,gene[0]:,19,1,
pop156:
Fitness:,10000000,Distance,27.4950975679639,Front,0,gene[0]:,22,22,
pop157:
Fitness:,6500000,Distance,26.2602916254693,Front,0,gene[0]:,19,16,
pop158:
Fitness:,5000000,Distance,45.4368472856363,Front,0,gene[0]:,24,3,
pop159:
Fitness:,5500000,Distance,22.6155281280883,Front,0,gene[0]:,3,12,
pop160:
Fitness:,5000000,Distance,42.4617401407435,Front,0,gene[0]:,24,6,
pop161:
Fitness:,0,Distance,20.211102550928,Front,0,gene[0]:,9,20,
pop162:
Fitness:,500000,Distance,28.0345552060198,Front,0,gene[0]:,0,23,
pop163:
Fitness:,5000000,Distance,27.9216739292198,Front,0,gene[0]:,0,18,
pop164:
Fitness:,500000,Distance,21.4017542509914,Front,0,gene[0]:,11,23,
pop165:
Fitness:,6000000,Distance,28.2062947832023,Front,0,gene[0]:,21,16,
pop166:
Fitness:,9500000,Distance,31.1480316417588,Front,0,gene[0]:,24,22,
pop167:
Fitness:,5000000,Distance,38.4950975679639,Front,0,gene[0]:,22,7,
pop168:
Fitness:,5500000,Distance,32.8696071246948,Front,0,gene[0]:,20,10,
pop169:
Fitness:,7000000,Distance,25.4999952222555,Front,0,gene[0]:,20,18,
pop170:
Fitness:,6500000,Distance,23.4009345590327,Front,0,gene[0]:,5,7,
pop171:
Fitness:,6500000,Distance,24.0227155455452,Front,0,gene[0]:,5,6,
pop172:
Fitness:,8000000,Distance,32.8726648045753,Front,0,gene[0]:,12,1,
pop173:
Fitness:,5500000,Distance,21.0624981065731,Front,0,gene[0]:,8,14,
pop174:
Fitness:,8500000,Distance,22.9006092410938,Front,0,gene[0]:,15,22,
pop175:
Fitness:,5000000,Distance,19.1172427686237,Front,0,gene[0]:,5,18,
pop176:
Fitness:,7000000,Distance,29.5862284482674,Front,0,gene[0]:,3,0,
pop177:
Fitness:,0,Distance,20.211102550928,Front,0,gene[0]:,9,20,
pop178:
Fitness:,5500000,Distance,21.5388253598712,Front,0,gene[0]:,4,11,
pop179:
Fitness:,5500000,Distance,25.0939898596297,Front,0,gene[0]:,2,11,
pop180:
Fitness:,0,Distance,25.4721359549996,Front,0,gene[0]:,1,20,
pop181:
Fitness:,4500000,Distance,35.8689560831299,Front,0,gene[0]:,15,1,
pop182:
Fitness:,7000000,Distance,22.6551062766618,Front,0,gene[0]:,13,16,
pop183:
Fitness:,500000,Distance,23.5583557145395,Front,0,gene[0]:,2,24,
pop184:
Fitness:,5500000,Distance,36.5658157682479,Front,0,gene[0]:,24,12,
pop185:
Fitness:,7000000,Distance,24.2080027258571,Front,0,gene[0]:,13,13,
pop186:
Fitness:,500000,Distance,28.0345552060198,Front,0,gene[0]:,0,23,
pop187:
Fitness:,6500000,Distance,24.8449625900931,Front,0,gene[0]:,4,5,
pop188:
Fitness:,5000000,Distance,37.9526091113347,Front,0,gene[0]:,23,9,
pop189:
Fitness:,8500000,Distance,29.4317993372572,Front,0,gene[0]:,8,1,
pop190:
Fitness:,8000000,Distance,23.2362724576772,Front,0,gene[0]:,15,23,
pop191:
Fitness:,5000000,Distance,22.2930814553708,Front,0,gene[0]:,13,23,
pop192:
Fitness:,8000000,Distance,27.8536674403905,Front,0,gene[0]:,8,3,
pop193:
Fitness:,7500000,Distance,26.8700576850888,Front,0,gene[0]:,4,2,
pop194:
Fitness:,6500000,Distance,24.2700408094311,Front,0,gene[0]:,8,8,
pop195:
Fitness:,9000000,Distance,30.2328314173707,Front,0,gene[0]:,9,1,
pop196:
Fitness:,3500000,Distance,21.8420607599019,Front,0,gene[0]:,12,23,
pop197:
Fitness:,500000,Distance,21.7046999107196,Front,0,gene[0]:,11,24,
pop198:
Fitness:,5000000,Distance,20.2495073613333,Front,0,gene[0]:,9,19,
pop199:
Fitness:,6000000,Distance,22.578765499116,Front,0,gene[0]:,6,9,
pop200:
Fitness:,5000000,Distance,38.9488426729397,Front,0,gene[0]:,23,8,
pop201:
Fitness:,7500000,Distance,23.6466515356085,Front,0,gene[0]:,14,15,
pop202:
Fitness:,7000000,Distance,25.5062874907716,Front,0,gene[0]:,18,16,
pop203:
Fitness:,6500000,Distance,24.8811458631423,Front,0,gene[0]:,10,9,
pop204:
Fitness:,5000000,Distance,43.9366344600738,Front,0,gene[0]:,23,3,
pop205:
Fitness:,6000000,Distance,29.9516779867898,Front,0,gene[0]:,20,13,
pop206:
Fitness:,8500000,Distance,29.4109773137274,Front,0,gene[0]:,10,3,
pop207:
Fitness:,5000000,Distance,42.1109455349045,Front,0,gene[0]:,21,2,
pop208:
Fitness:,7000000,Distance,25.685339390596,Front,0,gene[0]:,7,5,
pop209:
Fitness:,500000,Distance,23.2620289024102,Front,0,gene[0]:,2,22,
pop210:
Fitness:,22000000,Distance,32.7917404720122,Front,0,gene[0]:,24,24,
pop211:
Fitness:,5500000,Distance,30.6197628555482,Front,0,gene[0]:,18,10,
pop212:
Fitness:,9500000,Distance,31.1480316417588,Front,0,gene[0]:,24,22,
pop213:
Fitness:,500000,Distance,19.464249196573,Front,0,gene[0]:,5,24,
pop214:
Fitness:,500000,Distance,20.6439198458349,Front,0,gene[0]:,10,21,
pop215:
Fitness:,9500000,Distance,31.0648234346811,Front,0,gene[0]:,9,0,
pop216:
Fitness:,10000000,Distance,26.2602916254693,Front,0,gene[0]:,19,24,
pop217:
Fitness:,5500000,Distance,31.3848165732066,Front,0,gene[0]:,0,7,
pop218:
Fitness:,500000,Distance,20.1487729581217,Front,0,gene[0]:,8,23,
pop219:
Fitness:,5000000,Distance,19.464249196573,Front,0,gene[0]:,5,16,
pop220:
Fitness:,8500000,Distance,23.4390889145858,Front,0,gene[0]:,17,20,
pop221:
Fitness:,7000000,Distance,27.8029737178481,Front,0,gene[0]:,12,7,
pop222:
Fitness:,5500000,Distance,20.2502851508034,Front,0,gene[0]:,6,14,
pop223:
Fitness:,8000000,Distance,28.6023252670426,Front,0,gene[0]:,10,4,
pop224:
Fitness:,6500000,Distance,23.063658040682,Front,0,gene[0]:,12,14,
pop225:
Fitness:,500000,Distance,23.3860260763251,Front,0,gene[0]:,2,23,
pop226:
Fitness:,6000000,Distance,21.723082923316,Front,0,gene[0]:,5,10,
pop227:
Fitness:,500000,Distance,21.2514359077161,Front,0,gene[0]:,10,24,
pop228:
Fitness:,6000000,Distance,34.8281985316402,Front,0,gene[0]:,14,1,
pop229:
Fitness:,7500000,Distance,28.3214616565205,Front,0,gene[0]:,4,0,
pop230:
Fitness:,6000000,Distance,24.8660687473185,Front,0,gene[0]:,11,10,
pop231:
Fitness:,6000000,Distance,23.4709105535839,Front,0,gene[0]:,3,10,
pop232:
Fitness:,12500000,Distance,27.245466817753,Front,0,gene[0]:,21,23,
pop233:
Fitness:,6000000,Distance,31.9251557924766,Front,0,gene[0]:,24,17,
pop234:
Fitness:,5000000,Distance,41.484040041626,Front,0,gene[0]:,19,0,
pop235:
Fitness:,5500000,Distance,31.5541331519988,Front,0,gene[0]:,18,9,
pop236:
Fitness:,11500000,Distance,35.5630893894823,Front,0,gene[0]:,0,0,
pop237:
Fitness:,6500000,Distance,26.2542649823442,Front,0,gene[0]:,14,11,
pop238:
Fitness:,5500000,Distance,31.1542569694501,Front,0,gene[0]:,21,13,
pop239:
Fitness:,0,Distance,19.4142135623731,Front,0,gene[0]:,4,20,
pop240:
Fitness:,8500000,Distance,23.4390889145858,Front,0,gene[0]:,17,20,
pop241:
Fitness:,7500000,Distance,23.2362724576772,Front,0,gene[0]:,15,17,
pop242:
Fitness:,6000000,Distance,28.8760647313332,Front,0,gene[0]:,19,13,
pop243:
Fitness:,7500000,Distance,26.7588368062799,Front,0,gene[0]:,5,2,
pop244:
Fitness:,5500000,Distance,23.9544984001002,Front,0,gene[0]:,3,9,
pop245:
Fitness:,9500000,Distance,25.5029323125886,Front,0,gene[0]:,19,23,
pop246:
Fitness:,5000000,Distance,35.3736079375392,Front,0,gene[0]:,18,5,
pop247:
Fitness:,8500000,Distance,31.095023109729,Front,0,gene[0]:,11,2,
pop248:
Fitness:,6500000,Distance,26.4950975679639,Front,0,gene[0]:,22,19,
pop249:
Fitness:,7000000,Distance,24.8658429009333,Front,0,gene[0]:,19,18,
pop250:
Fitness:,8000000,Distance,22.2749281518504,Front,0,gene[0]:,14,21,
pop251:
Fitness:,500000,Distance,25.5671590647286,Front,0,gene[0]:,1,22,
pop252:
Fitness:,4500000,Distance,34.737960674327,Front,0,gene[0]:,13,0,
pop253:
Fitness:,5000000,Distance,19.441969939693,Front,0,gene[0]:,4,19,
pop254:
Fitness:,500000,Distance,21.0262975904404,Front,0,gene[0]:,3,21,
pop255:
Fitness:,6000000,Distance,22.0302399242816,Front,0,gene[0]:,6,10,
pop256:
Fitness:,7000000,Distance,24.9076360750091,Front,0,gene[0]:,20,19,
pop257:
Fitness:,5500000,Distance,29.6194288020847,Front,0,gene[0]:,17,10,
pop258:
Fitness:,6500000,Distance,30.0695257543158,Front,0,gene[0]:,2,2,
pop259:
Fitness:,13500000,Distance,31.9251557924766,Front,0,gene[0]:,24,23,
pop260:
Fitness:,500000,Distance,19.1934972020498,Front,0,gene[0]:,6,21,
pop261:
Fitness:,5000000,Distance,39.508579216364,Front,0,gene[0]:,19,2,
pop262:
Fitness:,0,Distance,19.1622776601684,Front,0,gene[0]:,6,20,
pop263:
Fitness:,500000,Distance,20.9716421438956,Front,0,gene[0]:,10,23,
pop264:
Fitness:,8000000,Distance,24.9076360750091,Front,0,gene[0]:,20,21,
pop265:
Fitness:,5000000,Distance,19.4410982562681,Front,0,gene[0]:,6,17,
pop266:
Fitness:,5500000,Distance,27.0222536028047,Front,0,gene[0]:,15,11,
pop267:
Fitness:,5000000,Distance,19.0293863659264,Front,0,gene[0]:,5,19,
pop268:
Fitness:,5500000,Distance,28.9177446560757,Front,0,gene[0]:,0,13,
pop269:
Fitness:,7000000,Distance,33.4721359549996,Front,0,gene[0]:,1,0,
pop270:
Fitness:,5500000,Distance,29.4770079260256,Front,0,gene[0]:,14,7,
pop271:
Fitness:,7000000,Distance,25.0831891575846,Front,0,gene[0]:,21,20,
pop272:
Fitness:,6500000,Distance,24.847843053658,Front,0,gene[0]:,13,12,
pop273:
Fitness:,5000000,Distance,45.9335456845879,Front,0,gene[0]:,23,1,
pop274:
Fitness:,7500000,Distance,21.5997932781769,Front,0,gene[0]:,12,18,
pop275:
Fitness:,0,Distance,19.4721359549996,Front,0,gene[0]:,7,20,
pop276:
Fitness:,5500000,Distance,21.9248588451713,Front,0,gene[0]:,3,14,
pop277:
Fitness:,7000000,Distance,21.0453610171873,Front,0,gene[0]:,11,19,
pop278:
Fitness:,5000000,Distance,19.441969939693,Front,0,gene[0]:,4,19,
pop279:
Fitness:,5000000,Distance,20.7678503276391,Front,0,gene[0]:,10,18,
pop280:
Fitness:,7000000,Distance,24.3215691962788,Front,0,gene[0]:,7,7,
pop281:
Fitness:,5500000,Distance,32.6620458764607,Front,0,gene[0]:,19,9,
pop282:
Fitness:,0,Distance,27.8309518948453,Front,0,gene[0]:,0,20,
pop283:
Fitness:,5000000,Distance,21.2514359077161,Front,0,gene[0]:,10,16,
pop284:
Fitness:,7000000,Distance,24.9359250693881,Front,0,gene[0]:,8,7,
pop285:
Fitness:,6500000,Distance,24.2228246188559,Front,0,gene[0]:,10,10,
pop286:
Fitness:,500000,Distance,21.4164878389476,Front,0,gene[0]:,3,24,
pop287:
Fitness:,5000000,Distance,20.2835242558415,Front,0,gene[0]:,7,15,
pop288:
Fitness:,5000000,Distance,19.6048819054211,Front,0,gene[0]:,7,18,
pop289:
Fitness:,7500000,Distance,22.2930814553708,Front,0,gene[0]:,13,17,
pop290:
Fitness:,7500000,Distance,26.4038481544609,Front,0,gene[0]:,7,4,
pop291:
Fitness:,8000000,Distance,28.67957282882,Front,0,gene[0]:,7,1,
pop292:
Fitness:,5000000,Distance,27.8536674403905,Front,0,gene[0]:,0,19,
pop293:
Fitness:,6000000,Distance,27.8141409122873,Front,0,gene[0]:,14,9,
pop294:
Fitness:,8500000,Distance,22.4588816547872,Front,0,gene[0]:,14,18,
pop295:
Fitness:,6500000,Distance,32.1307693268782,Front,0,gene[0]:,1,2,
pop296:
Fitness:,6500000,Distance,25.4974027199577,Front,0,gene[0]:,4,4,
pop297:
Fitness:,5500000,Distance,33.4950975679639,Front,0,gene[0]:,22,12,
pop298:
Fitness:,5000000,Distance,19.9730875185763,Front,0,gene[0]:,8,18,
pop299:
Fitness:,6000000,Distance,23.0384048104053,Front,0,gene[0]:,11,13,
pop300:
Fitness:,6000000,Distance,31.1480316417588,Front,0,gene[0]:,24,18,
pop301:
Fitness:,6500000,Distance,22.0830459735946,Front,0,gene[0]:,11,15,
pop302:
Fitness:,500000,Distance,19.9730875185763,Front,0,gene[0]:,8,22,
pop303:
Fitness:,5000000,Distance,47.4245776915554,Front,0,gene[0]:,24,1,
pop304:
Fitness:,6000000,Distance,21.8062484748657,Front,0,gene[0]:,13,20,
pop305:
Fitness:,5000000,Distance,23.3860260763251,Front,0,gene[0]:,2,17,
pop306:
Fitness:,5000000,Distance,43.4950975679639,Front,0,gene[0]:,22,2,
pop307:
Fitness:,15000000,Distance,30.0695257543158,Front,0,gene[0]:,23,23,
pop308:
Fitness:,6500000,Distance,27.245466817753,Front,0,gene[0]:,21,17,
pop309:
Fitness:,6000000,Distance,28.996123417846,Front,0,gene[0]:,20,14,
pop310:
Fitness:,6500000,Distance,27.4950975679639,Front,0,gene[0]:,22,18,
pop311:
Fitness:,7000000,Distance,21.8420607599019,Front,0,gene[0]:,12,17,
pop312:
Fitness:,5000000,Distance,34.8370931581057,Front,0,gene[0]:,20,8,
pop313:
Fitness:,5000000,Distance,40.4950975679639,Front,0,gene[0]:,22,5,
pop314:
Fitness:,6500000,Distance,26.2074368738204,Front,0,gene[0]:,3,5,
pop315:
Fitness:,5500000,Distance,29.6982910430753,Front,0,gene[0]:,18,11,
pop316:
Fitness:,7500000,Distance,27.9028849827195,Front,0,gene[0]:,7,2,
pop317:
Fitness:,500000,Distance,20.7678503276391,Front,0,gene[0]:,10,22,
pop318:
Fitness:,6500000,Distance,24.6715680975093,Front,0,gene[0]:,5,5,
pop319:
Fitness:,5000000,Distance,33.1848807873299,Front,0,gene[0]:,16,5,
pop320:
Fitness:,5000000,Distance,36.9542452110977,Front,0,gene[0]:,16,1,
pop321:
Fitness:,5000000,Distance,41.7765412720521,Front,0,gene[0]:,20,1,
pop322:
Fitness:,0,Distance,20.211102550928,Front,0,gene[0]:,9,20,
pop323:
Fitness:,8500000,Distance,23.9725388668969,Front,0,gene[0]:,18,21,
pop324:
Fitness:,14000000,Distance,28.2062947832023,Front,0,gene[0]:,21,24,
pop325:
Fitness:,4000000,Distance,33.0847485483863,Front,0,gene[0]:,15,4,
pop326:
Fitness:,5000000,Distance,32.2609325776542,Front,0,gene[0]:,16,6,
pop327:
Fitness:,5000000,Distance,36.8137037212402,Front,0,gene[0]:,20,6,
pop328:
Fitness:,5000000,Distance,19.7200451466693,Front,0,gene[0]:,5,15,
pop329:
Fitness:,6500000,Distance,31.4906481272122,Front,0,gene[0]:,1,3,
pop330:
Fitness:,5500000,Distance,34.6441598373493,Front,0,gene[0]:,24,14,
pop331:
Fitness:,4500000,Distance,34.9337072676413,Front,0,gene[0]:,15,2,
pop332:
Fitness:,6000000,Distance,26.4860852395496,Front,0,gene[0]:,2,8,
pop333:
Fitness:,6500000,Distance,26.2602916254693,Front,0,gene[0]:,19,16,
pop334:
Fitness:,6500000,Distance,23.6815086672981,Front,0,gene[0]:,7,8,
pop335:
Fitness:,5500000,Distance,27.3194552725913,Front,0,gene[0]:,1,11,
pop336:
Fitness:,4500000,Distance,42.9384676360288,Front,0,gene[0]:,23,4,
pop337:
Fitness:,8500000,Distance,26.4950975679639,Front,0,gene[0]:,22,21,
pop338:
Fitness:,8000000,Distance,25.4974027199577,Front,0,gene[0]:,21,21,
pop339:
Fitness:,5500000,Distance,29.6006805428547,Front,0,gene[0]:,0,11,
pop340:
Fitness:,6000000,Distance,27.0293863659264,Front,0,gene[0]:,16,12,
pop341:
Fitness:,5000000,Distance,19.441969939693,Front,0,gene[0]:,4,19,
pop342:
Fitness:,7000000,Distance,22.4588816547872,Front,0,gene[0]:,14,22,
pop343:
Fitness:,9000000,Distance,24.8658429009333,Front,0,gene[0]:,19,22,
pop344:
Fitness:,5000000,Distance,20.9716421438956,Front,0,gene[0]:,10,17,
pop345:
Fitness:,7000000,Distance,25.6299417680686,Front,0,gene[0]:,8,6,
pop346:
Fitness:,500000,Distance,21.1049731745428,Front,0,gene[0]:,3,22,
pop347:
Fitness:,1500000,Distance,21.1803398874989,Front,0,gene[0]:,11,22,
pop348:
Fitness:,5000000,Distance,48.4193557592544,Front,0,gene[0]:,24,0,
pop349:
Fitness:,6000000,Distance,29.7109948832475,Front,0,gene[0]:,1,6,
pop350:
Fitness:,5000000,Distance,33.4509037500147,Front,0,gene[0]:,18,7,
pop351:
Fitness:,6500000,Distance,25.5263789025367,Front,0,gene[0]:,14,12,
pop352:
Fitness:,6000000,Distance,21.4721359549996,Front,0,gene[0]:,7,12,
pop353:
Fitness:,10000000,Distance,24.2700408094311,Front,0,gene[0]:,17,23,
pop354:
Fitness:,500000,Distance,20.3911716734063,Front,0,gene[0]:,8,24,
pop355:
Fitness:,8000000,Distance,31.9930145329654,Front,0,gene[0]:,12,2,
pop356:
Fitness:,5000000,Distance,37.3136824378522,Front,0,gene[0]:,18,3,
pop357:
Fitness:,500000,Distance,20.3640489888939,Front,0,gene[0]:,9,22,
pop358:
Fitness:,5500000,Distance,30.5221348881803,Front,0,gene[0]:,17,9,
pop359:
Fitness:,5000000,Distance,33.6296085023223,Front,0,gene[0]:,19,8,
pop360:
Fitness:,8500000,Distance,24.2404889168544,Front,0,gene[0]:,16,24,
pop361:
Fitness:,6500000,Distance,25.5341705362236,Front,0,gene[0]:,13,11,
pop362:
Fitness:,8000000,Distance,21.8616336130031,Front,0,gene[0]:,13,19,
pop363:
Fitness:,7000000,Distance,25.7896946581379,Front,0,gene[0]:,6,4,
pop364:
Fitness:,5000000,Distance,41.112575523511,Front,0,gene[0]:,21,3,
pop365:
Fitness:,5000000,Distance,37.4950975679639,Front,0,gene[0]:,22,8,
pop366:
Fitness:,6500000,Distance,24.8428162162865,Front,0,gene[0]:,14,13,
pop367:
Fitness:,6500000,Distance,24.4225692856377,Front,0,gene[0]:,6,6,
pop368:
Fitness:,6500000,Distance,26.2493385904924,Front,0,gene[0]:,17,14,
pop369:
Fitness:,5000000,Distance,19.6625011532678,Front,0,gene[0]:,4,17,
pop370:
Fitness:,7000000,Distance,23.1018786158527,Front,0,gene[0]:,13,15,
pop371:
Fitness:,4500000,Distance,38.7960835941064,Front,0,gene[0]:,20,4,
pop372:
Fitness:,6000000,Distance,23.6023252670426,Front,0,gene[0]:,10,11,
pop373:
Fitness:,6500000,Distance,26.2525574787121,Front,0,gene[0]:,18,15,
pop374:
Fitness:,500000,Distance,19.2626765016321,Front,0,gene[0]:,5,23,
pop375:
Fitness:,5500000,Distance,32.8696071246948,Front,0,gene[0]:,20,10,
pop376:
Fitness:,6000000,Distance,23.0732111927379,Front,0,gene[0]:,7,9,
pop377:
Fitness:,500000,Distance,19.441969939693,Front,0,gene[0]:,4,21,
pop378:
Fitness:,5500000,Distance,34.1330647787055,Front,0,gene[0]:,21,10,
pop379:
Fitness:,6000000,Distance,23.6014705087354,Front,0,gene[0]:,11,12,
pop380:
Fitness:,8000000,Distance,28.7747746098998,Front,0,gene[0]:,6,0,
pop381:
Fitness:,8500000,Distance,22.2749281518504,Front,0,gene[0]:,14,19,
pop382:
Fitness:,6500000,Distance,27.1437040525088,Front,0,gene[0]:,20,16,
pop383:
Fitness:,5000000,Distance,23.5583557145395,Front,0,gene[0]:,2,16,
pop384:
Fitness:,7500000,Distance,33.8300445164943,Front,0,gene[0]:,13,1,
pop385:
Fitness:,6000000,Distance,30.1659516878828,Front,0,gene[0]:,21,14,
pop386:
Fitness:,8500000,Distance,22.6915671636788,Front,0,gene[0]:,15,19,
pop387:
Fitness:,6500000,Distance,23.6178168735476,Front,0,gene[0]:,4,7,
pop388:
Fitness:,6500000,Distance,26.2771193729733,Front,0,gene[0]:,20,17,
pop389:
Fitness:,6000000,Distance,27.0414141816284,Front,0,gene[0]:,17,13,
pop390:
Fitness:,5000000,Distance,28.3919802402023,Front,0,gene[0]:,0,15,
pop391:
Fitness:,5000000,Distance,20.6439198458349,Front,0,gene[0]:,10,19,
pop392:
Fitness:,6000000,Distance,32.458005806234,Front,0,gene[0]:,0,5,
pop393:
Fitness:,9000000,Distance,24.3215691962788,Front,0,gene[0]:,18,22,
pop394:
Fitness:,6000000,Distance,28.6589091998952,Front,0,gene[0]:,1,8,
pop395:
Fitness:,9000000,Distance,30.2356329198266,Front,0,gene[0]:,10,2,
pop396:
Fitness:,6000000,Distance,27.9684955579687,Front,0,gene[0]:,19,14,
pop397:
Fitness:,7000000,Distance,27.0293863659264,Front,0,gene[0]:,11,7,
pop398:
Fitness:,5000000,Distance,20.6970206421638,Front,0,gene[0]:,8,15,
pop399:
Fitness:,6000000,Distance,30.2791117561275,Front,0,gene[0]:,1,5,
pop400:
Fitness:,5000000,Distance,43.109486748025,Front,0,gene[0]:,21,1,
pop401:
Fitness:,500000,Distance,19.6625011532678,Front,0,gene[0]:,4,23,
pop402:
Fitness:,6500000,Distance,23.0356024289306,Front,0,gene[0]:,8,10,
pop403:
Fitness:,6500000,Distance,24.9904204836828,Front,0,gene[0]:,7,6,
pop404:
Fitness:,6000000,Distance,27.7315426542256,Front,0,gene[0]:,1,10,
pop405:
Fitness:,5500000,Distance,35.5997144062931,Front,0,gene[0]:,24,13,
pop406:
Fitness:,7000000,Distance,32.041632536537,Front,0,gene[0]:,13,3,
pop407:
Fitness:,4500000,Distance,21.4516298721123,Front,0,gene[0]:,12,21,
pop408:
Fitness:,6000000,Distance,28.0567329046438,Front,0,gene[0]:,20,15,
pop409:
Fitness:,500000,Distance,19.654700162639,Front,0,gene[0]:,6,24,
pop410:
Fitness:,5000000,Distance,38.5176435441982,Front,0,gene[0]:,24,10,
pop411:
Fitness:,6500000,Distance,24.2404889168544,Front,0,gene[0]:,9,9,
pop412:
Fitness:,16500000,Distance,31.0303537197651,Front,0,gene[0]:,23,24,
pop413:
Fitness:,5500000,Distance,26.6080795761782,Front,0,gene[0]:,1,13,
pop414:
Fitness:,5000000,Distance,29.5129433412631,Front,0,gene[0]:,15,8,
pop415:
Fitness:,6000000,Distance,23.0732111927379,Front,0,gene[0]:,7,9,
pop416:
Fitness:,8000000,Distance,30.2484567313166,Front,0,gene[0]:,11,3,
pop417:
Fitness:,9500000,Distance,24.8422131520186,Front,0,gene[0]:,17,24,
pop418:
Fitness:,7000000,Distance,25.3452350598575,Front,0,gene[0]:,5,4,
pop419:
Fitness:,5000000,Distance,21.1394908281121,Front,0,gene[0]:,9,15,
pop420:
Fitness:,5000000,Distance,19.8666207424635,Front,0,gene[0]:,8,19,
pop421:
Fitness:,5000000,Distance,20.8125730596634,Front,0,gene[0]:,9,16,
pop422:
Fitness:,9500000,Distance,23.8242537217203,Front,0,gene[0]:,17,22,
pop423:
Fitness:,5000000,Distance,23.7778057882567,Front,0,gene[0]:,2,15,
pop424:
Fitness:,4500000,Distance,41.4950975679639,Front,0,gene[0]:,22,4,
pop425:
Fitness:,500000,Distance,25.685339390596,Front,0,gene[0]:,1,23,
pop426:
Fitness:,7500000,Distance,24.2404889168544,Front,0,gene[0]:,16,16,
pop427:
Fitness:,7000000,Distance,28.6064047850766,Front,0,gene[0]:,12,6,
pop428:
Fitness:,6500000,Distance,27.0189188784176,Front,0,gene[0]:,13,9,
pop429:
Fitness:,4000000,Distance,39.0546170426741,Front,0,gene[0]:,17,0,
pop430:
Fitness:,7000000,Distance,25.5958788617782,Front,0,gene[0]:,9,7,
pop431:
Fitness:,5500000,Distance,34.4950975679639,Front,0,gene[0]:,22,11,
pop432:
Fitness:,500000,Distance,20.8125730596634,Front,0,gene[0]:,9,24,
pop433:
Fitness:,6000000,Distance,33.7047693241471,Front,0,gene[0]:,24,15,
pop434:
Fitness:,4500000,Distance,35.202143528826,Front,0,gene[0]:,17,4,
pop435:
Fitness:,5000000,Distance,23.2620289024102,Front,0,gene[0]:,2,18,
pop436:
Fitness:,6500000,Distance,27.9072480941474,Front,0,gene[0]:,23,20,
pop437:
Fitness:,7500000,Distance,23.6827571001119,Front,0,gene[0]:,15,24,
pop438:
Fitness:,5000000,Distance,21.4164878389476,Front,0,gene[0]:,3,16,
pop439:
Fitness:,5000000,Distance,21.1049731745428,Front,0,gene[0]:,3,18,
pop440:
Fitness:,6000000,Distance,31.0303537197651,Front,0,gene[0]:,23,16,
pop441:
Fitness:,6000000,Distance,21.9554673914424,Front,0,gene[0]:,8,12,
pop442:
Fitness:,5000000,Distance,39.788810866133,Front,0,gene[0]:,20,3,
pop443:
Fitness:,500000,Distance,19.6048819054211,Front,0,gene[0]:,7,22,
pop444:
Fitness:,5500000,Distance,36.9571237152683,Front,0,gene[0]:,23,10,
pop445:
Fitness:,6500000,Distance,29.4495654519589,Front,0,gene[0]:,13,6,
pop446:
Fitness:,12000000,Distance,28.4950975679639,Front,0,gene[0]:,22,23,
pop447:
Fitness:,5500000,Distance,31.4390889145858,Front,0,gene[0]:,17,8,
pop448:
Fitness:,9000000,Distance,23.5381084281786,Front,0,gene[0]:,17,21,
pop449:
Fitness:,5500000,Distance,23.0237960416286,Front,0,gene[0]:,3,11,
pop450:
Fitness:,9000000,Distance,22.6204993518133,Front,0,gene[0]:,15,20,
pop451:
Fitness:,4500000,Distance,44.4441200136097,Front,0,gene[0]:,24,4,
pop452:
Fitness:,0,Distance,21,Front,0,gene[0]:,3,20,
pop453:
Fitness:,0,Distance,19.8309518948453,Front,0,gene[0]:,8,20,
pop454:
Fitness:,6000000,Distance,30.337185900149,Front,0,gene[0]:,14,6,
pop455:
Fitness:,6500000,Distance,24.8553782980651,Front,0,gene[0]:,12,11,
pop456:
Fitness:,500000,Distance,21.2353840616713,Front,0,gene[0]:,3,23,
pop457:
Fitness:,5500000,Distance,32.9900106244456,Front,0,gene[0]:,23,14,
pop458:
Fitness:,7000000,Distance,25.5101567264513,Front,0,gene[0]:,17,15,
pop459:
Fitness:,8500000,Distance,31.9261328464238,Front,0,gene[0]:,10,0,
pop460:
Fitness:,7000000,Distance,32.8254244210267,Front,0,gene[0]:,11,0,
pop461:
Fitness:,6500000,Distance,24.2126704035519,Front,0,gene[0]:,11,11,
pop462:
Fitness:,9000000,Distance,23.7375902984258,Front,0,gene[0]:,16,23,
pop463:
Fitness:,7500000,Distance,26.3492364235285,Front,0,gene[0]:,8,5,
pop464:
Fitness:,7000000,Distance,24.2228246188559,Front,0,gene[0]:,15,15,
pop465:
Fitness:,5500000,Distance,37.5391489743055,Front,0,gene[0]:,24,11,
pop466:
Fitness:,5000000,Distance,28.0345552060198,Front,0,gene[0]:,0,17,
pop467:
Fitness:,6500000,Distance,30.7485061084358,Front,0,gene[0]:,2,1,
pop468:
Fitness:,7000000,Distance,22.1720838652604,Front,0,gene[0]:,12,16,
pop469:
Fitness:,7500000,Distance,27.0605357922072,Front,0,gene[0]:,9,5,
pop470:
Fitness:,7500000,Distance,24.2700408094311,Front,0,gene[0]:,17,17,
pop471:
Fitness:,5000000,Distance,21.2353840616713,Front,0,gene[0]:,3,17,
pop472:
Fitness:,6500000,Distance,24.2080027258571,Front,0,gene[0]:,12,12,
pop473:
Fitness:,4500000,Distance,37.539112221569,Front,0,gene[0]:,19,4,
pop474:
Fitness:,6500000,Distance,30.2991041594016,Front,0,gene[0]:,13,5,
pop475:
Fitness:,6000000,Distance,22.4742688719385,Front,0,gene[0]:,8,11,
pop476:
Fitness:,5000000,Distance,43.4523504674342,Front,0,gene[0]:,24,5,
pop477:
Fitness:,7000000,Distance,32.9308602723638,Front,0,gene[0]:,13,2,
pop478:
Fitness:,5000000,Distance,19.2626765016321,Front,0,gene[0]:,5,17,
pop479:
Fitness:,5000000,Distance,21.0262975904404,Front,0,gene[0]:,3,19,
pop480:
Fitness:,6500000,Distance,25.556349186104,Front,0,gene[0]:,11,9,
pop481:
Fitness:,6000000,Distance,22.8086520466848,Front,0,gene[0]:,5,8,
pop482:
Fitness:,10500000,Distance,26.2771193729733,Front,0,gene[0]:,20,23,
pop483:
Fitness:,8000000,Distance,22.7566741488694,Front,0,gene[0]:,14,17,
pop484:
Fitness:,5000000,Distance,26.0591690999225,Front,0,gene[0]:,1,15,
pop485:
Fitness:,5000000,Distance,21.6023252670426,Front,0,gene[0]:,10,15,
pop486:
Fitness:,7500000,Distance,31.1248371743074,Front,0,gene[0]:,12,3,
pop487:
Fitness:,5000000,Distance,35.8245145354752,Front,0,gene[0]:,20,7,
pop488:
Fitness:,6000000,Distance,23.047521215157,Front,0,gene[0]:,4,8,
pop489:
Fitness:,5500000,Distance,21.2353840616713,Front,0,gene[0]:,5,11,
pop490:
Fitness:,5500000,Distance,31.7005981343799,Front,0,gene[0]:,19,10,
pop491:
Fitness:,5000000,Distance,19.8533024769589,Front,0,gene[0]:,4,16,
pop492:
Fitness:,5500000,Distance,32.1454469058831,Front,0,gene[0]:,21,12,
pop493:
Fitness:,5000000,Distance,19.7691944957779,Front,0,gene[0]:,7,17,
pop494:
Fitness:,8000000,Distance,28.6120371099607,Front,0,gene[0]:,9,3,
pop495:
Fitness:,6500000,Distance,28.3214616565205,Front,0,gene[0]:,23,19,
pop496:
Fitness:,5000000,Distance,28.6589041622186,Front,0,gene[0]:,15,9,
pop497:
Fitness:,6000000,Distance,27.8460401923184,Front,0,gene[0]:,16,11,
pop498:
Fitness:,5500000,Distance,30.427699647343,Front,0,gene[0]:,0,9,
pop499:
Fitness:,7000000,Distance,24.9029085638821,Front,0,gene[0]:,9,8,
